1806,4.9497
2465,4.9497
4981,4.2426
4583,4.2426
4759,4.2426
1226,4.2426
3690,4.2426
2636,4.2426
4004,4.2426
4457,4.2426
3522,4.2426
3819,4.2426
2972,4.2426
1290,4.0415
4676,4.0415
4718,4.0415
3814,4.0415
1240,4.0415
1213,4.0415
1792,4.0415
4757,4.0415
1780,3.8987
2393,3.7859
1206,3.7859
3688,3.6056
3658,3.5355
3983,3.5355
2158,3.5355
2422,3.5355
4377,3.5355
3525,3.5355
3036,3.5119
3620,3.5000
4207,3.5000
2792,3.5000
1757,3.5000
3051,3.5000
2689,3.5000
4892,3.4641
1090,3.4641
3400,3.4641
3170,3.4641
2532,3.4641
2622,3.4641
1366,3.3714
3741,3.3665
2459,3.2146
2117,3.2146
1370,3.2146
1787,3.2146
3672,3.2146
3752,3.2094
2433,3.2071
3500,3.1305
4939,3.1305
2230,3.1091
3924,3.0551
4012,3.0551
2711,3.0551
1373,3.0551
1994,3.0551
1183,3.0551
1404,3.0496
4598,3.0496
2142,3.0332
4486,3.0111
2031,3.0000
1347,3.0000
2510,3.0000
2944,3.0000
4324,3.0000
4576,3.0000
1216,3.0000
3608,3.0000
3910,3.0000
2201,3.0000
4384,3.0000
4236,3.0000
4790,2.8868
2338,2.8868
4600,2.8868
1954,2.8868
2514,2.8868
2035,2.8868
4069,2.8868
3405,2.8868
1703,2.8868
1758,2.8868
2916,2.8723
2364,2.8723
1567,2.8723
4692,2.8723
1006,2.8723
4301,2.8723
1278,2.8723
3207,2.8723
1233,2.8577
2107,2.8577
3046,2.8577
3417,2.8284
3262,2.8284
3481,2.8284
3460,2.8284
2516,2.8284
2582,2.8284
2250,2.8284
1638,2.8284
4903,2.8284
2933,2.8284
1396,2.8284
2827,2.8284
4953,2.8284
2468,2.8284
4580,2.8284
1406,2.8284
1952,2.8284
3665,2.8284
1884,2.8284
3925,2.8284
1008,2.8284
2186,2.8048
2086,2.8048
3497,2.7928
1407,2.7869
4251,2.7325
3543,2.7325
1999,2.7080
2687,2.7080
2310,2.7080
4372,2.7080
3430,2.7080
2573,2.6833
3899,2.6833
3469,2.6833
2251,2.6833
1934,2.6833
4688,2.6833
2043,2.6833
3822,2.6833
3633,2.6833
2997,2.6833
1929,2.6458
4678,2.6458
3642,2.6458
4049,2.6458
3528,2.6458
1534,2.6458
2239,2.6458
3744,2.6458
1759,2.6458
4215,2.6458
1390,2.6458
2942,2.6458
2903,2.6458
1901,2.6458
1305,2.6458
4636,2.6300
4776,2.6300
4468,2.6300
3821,2.6300
2494,2.6300
1595,2.6095
3531,2.6077
3922,2.6077
1995,2.6077
1819,2.6077
4433,2.6077
3691,2.6077
2986,2.6077
2595,2.6077
1287,2.6077
4572,2.6077
1220,2.6077
2512,2.5820
1092,2.5495
2560,2.5298
1011,2.5166
4038,2.5166
3637,2.5166
4760,2.5166
3358,2.5100
1737,2.5100
3245,2.5100
2284,2.5000
3588,2.5000
2321,2.5000
3709,2.4900
2629,2.4900
4030,2.4495
1943,2.4495
4657,2.4495
1197,2.4495
1509,2.4495
1708,2.4495
4875,2.4458
2811,2.4221
1482,2.4221
1148,2.4014
2694,2.4014
2930,2.3805
4929,2.3805
1479,2.3805
4812,2.3629
3164,2.3452
3651,2.3452
3862,2.3452
1353,2.3452
2779,2.3381
4666,2.3381
4941,2.3154
1100,2.3094
4269,2.3094
2170,2.3094
4284,2.3094
4195,2.3094
2162,2.3094
2420,2.3094
1132,2.3094
2081,2.3094
1135,2.3094
1611,2.3094
4466,2.3094
3304,2.3094
4449,2.3094
1962,2.3094
4996,2.3094
2829,2.3094
1252,2.3094
2652,2.3094
2265,2.3094
3547,2.3094
4588,2.2804
4679,2.2678
3266,2.2678
1682,2.2678
1170,2.2678
1385,2.2361
2492,2.2361
4831,2.2361
1277,2.2361
4778,2.2361
2051,2.2321
4828,2.2254
3214,2.2174
2599,2.2174
3504,2.2174
4495,2.2147
3050,2.1794
2813,2.1679
4585,2.1679
1913,2.1679
1098,2.1492
3957,2.1492
4277,2.1381
2344,2.1370
3257,2.1213
4315,2.1213
2229,2.1213
3265,2.1213
1559,2.1213
3611,2.1213
1502,2.1213
4976,2.1213
2392,2.1213
2768,2.1213
3860,2.1213
2658,2.1213
3954,2.1213
2319,2.1213
3517,2.1213
3466,2.1213
4702,2.1213
4977,2.1213
2032,2.1213
4547,2.1213
1078,2.1213
2266,2.1213
3806,2.1213
4516,2.1213
2452,2.0817
4295,2.0817
2097,2.0817
4041,2.0817
3980,2.0817
4877,2.0736
2092,2.0736
4988,2.0736
2234,2.0736
1265,2.0702
3180,2.0656
2077,2.0616
4742,2.0616
1733,2.0616
1175,2.0494
4836,2.0494
4353,2.0412
2448,2.0412
1456,2.0000
2989,2.0000
4986,2.0000
4328,2.0000
4025,2.0000
1998,2.0000
4039,2.0000
4462,2.0000
3701,2.0000
1837,2.0000
4068,2.0000
2565,2.0000
2430,2.0000
3247,1.9881
2270,1.9664
3072,1.9494
4308,1.9408
2601,1.9408
4681,1.9149
4473,1.9149
3509,1.9149
2415,1.9149
4827,1.9149
4633,1.9149
3308,1.9003
3237,1.8930
2932,1.8930
3193,1.8930
2211,1.8930
2403,1.8930
2957,1.8898
3042,1.8645
1237,1.8645
1768,1.8645
3581,1.8645
2625,1.8529
2394,1.8529
3903,1.8348
2271,1.8340
2960,1.8333
2650,1.8257
3562,1.8166
4946,1.8166
1870,1.8077
2736,1.7995
3963,1.7889
4947,1.7889
3878,1.7889
1748,1.7889
1599,1.7889
1032,1.7889
4662,1.7889
1360,1.7889
3337,1.7889
4671,1.7525
1948,1.7512
1546,1.7321
1706,1.7321
2742,1.7321
2869,1.7321
4821,1.7321
3273,1.7321
3971,1.7321
1332,1.7321
1624,1.7321
3907,1.7321
1163,1.7321
3950,1.7321
1088,1.7321
3470,1.7321
4179,1.7321
2020,1.7321
3751,1.7321
1743,1.7321
4172,1.7321
4289,1.7321
4059,1.7321
3985,1.7321
4620,1.7321
4569,1.7321
3948,1.7321
3229,1.7321
3551,1.7321
2419,1.7321
3023,1.7321
2782,1.7321
1779,1.7321
1554,1.7321
2054,1.7321
1495,1.7321
1894,1.7321
3558,1.7078
1322,1.7078
3399,1.7078
3783,1.7043
3002,1.6733
2171,1.6733
4112,1.6733
1333,1.6733
3926,1.6733
1329,1.6432
1081,1.6432
3679,1.6432
3687,1.6432
4589,1.6432
2659,1.6432
2978,1.6432
4700,1.6330
4509,1.6330
4042,1.6330
4234,1.6330
2093,1.6330
3153,1.6330
4999,1.6330
2524,1.6193
3737,1.6125
4804,1.6021
3682,1.6021
1634,1.6021
3719,1.6021
4197,1.6021
1486,1.6021
4102,1.6021
4864,1.5811
4153,1.5736
1245,1.5736
4321,1.5492
1783,1.5492
2311,1.5492
4330,1.5492
3429,1.5492
1225,1.5275
1328,1.5275
3251,1.5275
1377,1.5275
4808,1.5275
3635,1.5275
1326,1.5275
4482,1.5275
3295,1.5275
4989,1.5275
2447,1.5275
4843,1.5275
1523,1.5275
1372,1.5275
2817,1.5275
3928,1.5275
1664,1.5275
3519,1.5275
2757,1.5275
4911,1.5275
4734,1.5275
2502,1.5275
1460,1.5275
1345,1.5275
4869,1.5275
2247,1.5275
3424,1.5275
3401,1.5275
1513,1.5275
4177,1.5275
3165,1.5166
4574,1.5166
4693,1.5119
3757,1.5119
1116,1.5119
2729,1.5119
1110,1.5119
1444,1.5055
4474,1.5000
1158,1.5000
4546,1.5000
3934,1.5000
4035,1.5000
4397,1.5000
3062,1.5000
2574,1.5000
2882,1.5000
3697,1.5000
1668,1.5000
4750,1.5000
4352,1.5000
2940,1.5000
2363,1.5000
2185,1.5000
1822,1.5000
1663,1.5000
1869,1.5000
3398,1.5000
3071,1.5000
1012,1.5000
4115,1.5000
1293,1.5000
2074,1.5000
4380,1.5000
4009,1.5000
4766,1.5000
4736,1.5000
2366,1.5000
2678,1.5000
3128,1.5000
1016,1.5000
2061,1.5000
3409,1.5000
1420,1.5000
3385,1.5000
1199,1.5000
3653,1.5000
2730,1.5000
2436,1.5000
2709,1.5000
3276,1.5000
1885,1.5000
3960,1.4960
4235,1.4960
2835,1.4960
3872,1.4907
2851,1.4814
1565,1.4720
4753,1.4720
3353,1.4720
1561,1.4639
4624,1.4639
4178,1.4639
1572,1.4639
2454,1.4639
4306,1.4142
2384,1.4142
2905,1.4142
1650,1.4142
4458,1.4142
2443,1.4142
1896,1.4142
2890,1.4142
2900,1.4142
1603,1.4142
2346,1.4142
3661,1.4142
3069,1.4142
4570,1.4142
4888,1.4142
2308,1.4142
3190,1.4142
1055,1.4142
2010,1.4142
3461,1.4142
1862,1.4142
2917,1.4142
2323,1.4142
1105,1.4142
3836,1.4142
1615,1.4142
2481,1.4142
4016,1.4142
2670,1.4142
2354,1.4142
1398,1.4142
2867,1.4142
3578,1.4142
2318,1.4142
4422,1.4142
1586,1.4142
4610,1.4142
4185,1.4142
3650,1.4142
2657,1.4142
4966,1.4142
3169,1.4142
2708,1.4142
3736,1.4142
3977,1.4142
4411,1.4142
2985,1.4142
3408,1.4142
2095,1.4142
4507,1.4142
2397,1.4142
1140,1.4142
2677,1.4142
2721,1.4142
1633,1.4142
2635,1.4142
1137,1.4142
3807,1.4142
1358,1.4142
1253,1.4142
2809,1.4142
1988,1.4142
3441,1.4142
1607,1.4142
2877,1.4142
1214,1.4142
2205,1.4142
1048,1.4142
2910,1.4142
4157,1.4142
1694,1.4142
4241,1.4142
3798,1.4142
4165,1.4142
2965,1.4142
3603,1.4142
1681,1.4142
3812,1.4142
1891,1.4142
4997,1.4142
3643,1.4142
3775,1.4142
3351,1.4142
1721,1.4142
3760,1.4142
4287,1.4142
4909,1.4142
3894,1.4142
1191,1.4142
2288,1.4142
1727,1.4142
4010,1.4142
2966,1.4142
2003,1.4142
4225,1.4142
4147,1.4142
1351,1.4142
2372,1.4142
2780,1.4142
3331,1.4142
2125,1.4142
4189,1.4142
1920,1.4142
3355,1.4142
4218,1.4142
1344,1.4142
2605,1.4142
3984,1.4142
1258,1.4142
4581,1.4142
3753,1.4142
3810,1.4142
1451,1.4142
3415,1.4142
2741,1.4142
3870,1.4142
2220,1.4142
1348,1.4142
2007,1.4142
3955,1.4142
3761,1.4079
2164,1.3944
2252,1.3784
1583,1.3784
4137,1.3642
4695,1.3642
3552,1.3416
1354,1.3416
2018,1.3416
1587,1.3416
1026,1.3416
3442,1.3416
4832,1.3416
4228,1.3416
2648,1.3416
1052,1.3375
3361,1.3333
3776,1.3292
3077,1.3292
3048,1.3292
3827,1.3292
3201,1.3292
1279,1.3292
1120,1.3292
1242,1.3292
2663,1.3229
2184,1.3093
4579,1.3038
1086,1.3038
4470,1.3038
2362,1.3038
4708,1.3038
1303,1.3038
3962,1.3038
2676,1.3038
2232,1.3038
1062,1.3038
4073,1.3038
4796,1.3038
2719,1.3038
4442,1.3038
1061,1.3038
4108,1.3038
2210,1.3038
1584,1.3038
4747,1.3038
1863,1.2910
2421,1.2910
4388,1.2910
3835,1.2910
3811,1.2910
4166,1.2910
2236,1.2910
1905,1.2693
3718,1.2649
1608,1.2649
4699,1.2649
2507,1.2583
4222,1.2583
4286,1.2583
4156,1.2583
4351,1.2583
4417,1.2583
1825,1.2583
1959,1.2536
4487,1.2536
2855,1.2464
1844,1.2247
1967,1.2247
2840,1.2247
1697,1.2247
3028,1.2247
1997,1.2247
3365,1.2247
4170,1.2247
2745,1.2247
4302,1.2150
3111,1.2111
3438,1.2111
4056,1.2111
2961,1.2111
1450,1.2111
2380,1.2111
1182,1.2111
4078,1.2111
4938,1.2111
4441,1.2111
3911,1.2111
3393,1.2111
1051,1.2111
3289,1.1972
2602,1.1690
1477,1.1690
3841,1.1690
1715,1.1690
2810,1.1690
3582,1.1690
3803,1.1690
2540,1.1690
1038,1.1690
3246,1.1650
3495,1.1650
1569,1.1547
1196,1.1547
4698,1.1547
4300,1.1547
3895,1.1547
2408,1.1547
1446,1.1547
4613,1.1547
4763,1.1547
2790,1.1547
1295,1.1547
2064,1.1547
2744,1.1547
2521,1.1547
4873,1.1547
1434,1.1547
2908,1.1547
2698,1.1547
2242,1.1547
3795,1.1547
4752,1.1547
2683,1.1547
2754,1.1547
3712,1.1547
2402,1.1547
3671,1.1547
1341,1.1547
1389,1.1547
1057,1.1547
3428,1.1547
4896,1.1547
4764,1.1547
4901,1.1547
4171,1.1547
1218,1.1547
1244,1.1547
2664,1.1547
4691,1.1547
2522,1.1547
4150,1.1547
4424,1.1547
3349,1.1547
4184,1.1547
3904,1.1547
3636,1.1547
4854,1.1547
3586,1.1547
3088,1.1547
3058,1.1547
3886,1.1547
3869,1.1547
4246,1.1547
1291,1.1547
3303,1.1547
2260,1.1547
3260,1.1547
3774,1.1547
3242,1.1547
4395,1.1547
1323,1.1547
3685,1.1547
4489,1.1547
2977,1.1547
4460,1.1547
2537,1.1547
3710,1.1547
1971,1.1547
2113,1.1547
1872,1.1547
2750,1.1547
3564,1.1547
3311,1.1547
2062,1.1547
3546,1.1547
3591,1.1547
1369,1.1547
2738,1.1547
4660,1.1547
3613,1.1547
1791,1.1547
1299,1.1547
2753,1.1547
3033,1.1547
2025,1.1547
2692,1.1547
4522,1.1547
2880,1.1547
2309,1.1547
3550,1.1547
3106,1.1547
4100,1.1547
1205,1.1547
1127,1.1547
4894,1.1547
4107,1.1547
4876,1.1547
4213,1.1547
3020,1.1547
3854,1.1547
1020,1.1547
1716,1.1547
2606,1.1547
4607,1.1547
2217,1.1547
2865,1.1547
4845,1.1547
1181,1.1547
2279,1.1547
1461,1.1547
2110,1.1547
4881,1.1547
4439,1.1547
3455,1.1547
4838,1.1547
1536,1.1547
1800,1.1547
2571,1.1547
1992,1.1547
3693,1.1547
1484,1.1547
1684,1.1547
2386,1.1547
2939,1.1547
2083,1.1547
3664,1.1547
2695,1.1547
1412,1.1547
4260,1.1547
2513,1.1547
1656,1.1547
1067,1.1547
3449,1.1547
1717,1.1547
1335,1.1547
2119,1.1547
2407,1.1547
1155,1.1547
2299,1.1547
2627,1.1547
1823,1.1547
3360,1.1547
4232,1.1547
1540,1.1547
4664,1.1547
1200,1.1547
1095,1.1547
2872,1.1547
4990,1.1547
1021,1.1547
2159,1.1547
3419,1.1547
4456,1.1402
4312,1.1402
2365,1.1402
2794,1.1339
2707,1.1339
2019,1.1339
4820,1.1339
1625,1.1339
4437,1.1304
2294,1.1304
1395,1.1260
2789,1.1260
2517,1.1180
4272,1.1180
2632,1.1180
2600,1.1127
3104,1.0954
2618,1.0954
3416,1.0954
1969,1.0954
1324,1.0954
4555,1.0954
3900,1.0954
3321,1.0954
3857,1.0954
1754,1.0954
3683,1.0954
1945,1.0954
2374,1.0954
2196,1.0954
4152,1.0954
3208,1.0954
2356,1.0954
1035,1.0954
1285,1.0954
1793,1.0801
1777,1.0690
4293,1.0690
2001,1.0690
1107,1.0690
4780,1.0690
2868,1.0607
4524,1.0351
2129,1.0328
1690,1.0328
4592,1.0328
2787,1.0328
1494,1.0328
3356,1.0328
1211,1.0328
4291,1.0328
3518,1.0328
4130,1.0328
3090,1.0138
1381,1.0000
2499,1.0000
2806,1.0000
3656,1.0000
3717,1.0000
4744,1.0000
3556,1.0000
2556,1.0000
1126,1.0000
1900,1.0000
1903,1.0000
4192,1.0000
3081,1.0000
1194,1.0000
1517,1.0000
1964,1.0000
4298,1.0000
1128,1.0000
4539,1.0000
1852,1.0000
4886,1.0000
4162,1.0000
4840,1.0000
4914,1.0000
1202,1.0000
1034,1.0000
1215,1.0000
4028,1.0000
1475,1.0000
2562,1.0000
2763,1.0000
3660,1.0000
1425,1.0000
1435,1.0000
1524,1.0000
1150,1.0000
4478,1.0000
3839,1.0000
2087,1.0000
4357,1.0000
2775,1.0000
3919,1.0000
4463,1.0000
2358,1.0000
1356,1.0000
4950,1.0000
4725,1.0000
4050,1.0000
2883,1.0000
3927,1.0000
3026,1.0000
2262,1.0000
2225,1.0000
4105,1.0000
1168,1.0000
3818,1.0000
1828,1.0000
3053,1.0000
3475,1.0000
4344,1.0000
3489,1.0000
2416,1.0000
2295,1.0000
2361,1.0000
2327,1.0000
1336,1.0000
4204,1.0000
2948,1.0000
2427,1.0000
3031,1.0000
2326,1.0000
2548,1.0000
2243,1.0000
4359,1.0000
3765,1.0000
3222,1.0000
1816,1.0000
3787,1.0000
1751,1.0000
4275,1.0000
3689,1.0000
4048,1.0000
1501,1.0000
2979,1.0000
3527,1.0000
4640,1.0000
2109,1.0000
2071,1.0000
2339,1.0000
1325,1.0000
1676,1.0000
1014,1.0000
2952,1.0000
3784,1.0000
4493,1.0000
2824,1.0000
1343,1.0000
2756,1.0000
1069,1.0000
3357,1.0000
4772,1.0000
2904,1.0000
4313,1.0000
1320,1.0000
4783,1.0000
1281,1.0000
3699,1.0000
1996,1.0000
2194,1.0000
2777,1.0000
2585,1.0000
1045,1.0000
3039,1.0000
4500,1.0000
1627,1.0000
4655,1.0000
2623,1.0000
4629,1.0000
2471,1.0000
1993,1.0000
1591,1.0000
2564,1.0000
4252,1.0000
1987,1.0000
4800,1.0000
1648,1.0000
3224,1.0000
1804,1.0000
4942,1.0000
2723,1.0000
3829,1.0000
4634,1.0000
4529,1.0000
2500,1.0000
2489,1.0000
4320,1.0000
3298,1.0000
4334,1.0000
3472,1.0000
4092,1.0000
1419,1.0000
3861,1.0000
1698,1.0000
1833,1.0000
2188,1.0000
1306,1.0000
3339,1.0000
1928,1.0000
1503,1.0000
3801,1.0000
3241,1.0000
2191,1.0000
1104,1.0000
4675,1.0000
3766,1.0000
1947,1.0000
4740,1.0000
2921,1.0000
4337,1.0000
1838,1.0000
1154,1.0000
4356,1.0000
4591,1.0000
3915,0.9944
2706,0.9910
4564,0.9832
1153,0.9832
1023,0.9832
1296,0.9832
1734,0.9832
1264,0.9832
3255,0.9832
3119,0.9832
2613,0.9832
2022,0.9832
4155,0.9832
3225,0.9759
1761,0.9759
2340,0.9759
3507,0.9759
1811,0.9759
3462,0.9718
2440,0.9718
4303,0.9718
2470,0.9574
1443,0.9574
3789,0.9574
2336,0.9574
2505,0.9574
2157,0.9574
2807,0.9574
1432,0.9574
3185,0.9574
1040,0.9574
3421,0.9574
4127,0.9574
2669,0.9574
2924,0.9574
3557,0.9574
1075,0.9574
4040,0.9574
2984,0.9574
1855,0.9574
4045,0.9574
3323,0.9574
1421,0.9574
3987,0.9574
4806,0.9574
4925,0.9574
2005,0.9574
2033,0.9574
4906,0.9574
4536,0.9574
1374,0.9574
4098,0.9574
2290,0.9574
4992,0.9574
3370,0.9574
3307,0.9574
2101,0.9574
3310,0.9574
4794,0.9574
2238,0.9574
3545,0.9574
2091,0.9574
1178,0.9574
2469,0.9574
2805,0.9574
3520,0.9574
4233,0.9574
4131,0.9574
3748,0.9574
3769,0.9574
3920,0.9574
2495,0.9574
1454,0.9574
3148,0.9574
3287,0.9574
3570,0.9574
4652,0.9574
3138,0.9574
4410,0.9574
1111,0.9574
4704,0.9574
2854,0.9574
2830,0.9574
3300,0.9574
1241,0.9574
3645,0.9574
4467,0.9574
1867,0.9574
3299,0.9574
1076,0.9574
3794,0.9574
1130,0.9574
4841,0.9574
2693,0.9574
3025,0.9574
3414,0.9574
4895,0.9574
1724,0.9574
1968,0.9574
1349,0.9574
3468,0.9574
2307,0.9574
3896,0.9574
1289,0.9574
4799,0.9512
2222,0.9512
3044,0.9512
4515,0.9512
2193,0.9342
4338,0.9342
1483,0.9258
2816,0.9258
4852,0.9258
2718,0.9258
2511,0.9161
4187,0.9161
4628,0.8997
4292,0.8997
1785,0.8997
1146,0.8997
1887,0.8997
2357,0.8997
2068,0.8944
3849,0.8944
3297,0.8944
2751,0.8944
3846,0.8944
3515,0.8944
4036,0.8944
2795,0.8944
1623,0.8944
3113,0.8944
3692,0.8944
2254,0.8944
2102,0.8944
3252,0.8944
4817,0.8944
2581,0.8944
2672,0.8944
2106,0.8944
4086,0.8944
2431,0.8944
3396,0.8944
3315,0.8944
3456,0.8944
1339,0.8944
2964,0.8944
3013,0.8944
2975,0.8944
4868,0.8944
3329,0.8944
2861,0.8944
3946,0.8944
2255,0.8944
1028,0.8944
3778,0.8944
4606,0.8944
4969,0.8944
1276,0.8944
1143,0.8944
1363,0.8944
2348,0.8944
4501,0.8944
4427,0.8944
1428,0.8944
2004,0.8944
3891,0.8944
4967,0.8944
2359,0.8944
2176,0.8944
1736,0.8944
2784,0.8944
1129,0.8944
2982,0.8944
2800,0.8944
3677,0.8944
3579,0.8944
1355,0.8944
2870,0.8944
1489,0.8944
4258,0.8944
1118,0.8944
4323,0.8944
4106,0.8944
3014,0.8944
2535,0.8944
2796,0.8944
4403,0.8944
4975,0.8944
3389,0.8944
2641,0.8944
3882,0.8944
1162,0.8944
4505,0.8944
2355,0.8944
3220,0.8944
2139,0.8944
3344,0.8944
3727,0.8944
3380,0.8944
1342,0.8944
2580,0.8944
4348,0.8944
1937,0.8944
3038,0.8944
4785,0.8944
1726,0.8944
3746,0.8944
3205,0.8944
2056,0.8944
4563,0.8944
1256,0.8944
1000,0.8944
4916,0.8944
4862,0.8944
4853,0.8944
4788,0.8944
2072,0.8944
4281,0.8944
1307,0.8944
2587,0.8944
3325,0.8944
1641,0.8944
1719,0.8944
4268,0.8944
4259,0.8944
3486,0.8944
4743,0.8944
2879,0.8944
3999,0.8944
2643,0.8944
1846,0.8944
3986,0.8944
3786,0.8944
3830,0.8819
1466,0.8819
2760,0.8819
1654,0.8819
2070,0.8660
2990,0.8660
3122,0.8660
3797,0.8367
2040,0.8367
2391,0.8367
4362,0.8367
4685,0.8367
4121,0.8367
4434,0.8367
3476,0.8367
2857,0.8367
4305,0.8367
3817,0.8367
4430,0.8367
2950,0.8367
3600,0.8367
4431,0.8367
1160,0.8367
2166,0.8367
4445,0.8367
2453,0.8367
1628,0.8367
3604,0.8367
2484,0.8367
2209,0.8367
2267,0.8367
3483,0.8367
2390,0.8367
3347,0.8367
3296,0.8367
4336,0.8367
3848,0.8367
2079,0.8367
2755,0.8367
4504,0.8367
1609,0.8367
4931,0.8367
2604,0.8367
4117,0.8367
2955,0.8367
4169,0.8367
3592,0.8367
3881,0.8367
4220,0.8367
2231,0.8367
3354,0.8367
4851,0.8367
1621,0.8367
4525,0.8367
2993,0.8367
2244,0.8367
2761,0.8367
2885,0.8367
3505,0.8367
4299,0.8367
3182,0.8367
4146,0.8367
4266,0.8367
4499,0.8367
1949,0.8367
1527,0.8367
2100,0.8367
1729,0.8367
1892,0.8367
3041,0.8367
3779,0.8367
1452,0.8367
1939,0.8367
1269,0.8367
3942,0.8345
4297,0.8345
1379,0.8202
3956,0.8165
3539,0.8165
4243,0.8165
2389,0.8165
3009,0.8165
4485,0.8165
2873,0.8165
1888,0.8165
4294,0.8165
1931,0.8165
1427,0.8165
4391,0.8165
1114,0.8165
2066,0.8165
3959,0.8165
4761,0.8165
1693,0.8165
3877,0.8165
3909,0.8165
2518,0.8165
1500,0.8165
1674,0.8165
1810,0.8165
2633,0.8165
2400,0.8165
1612,0.8165
1832,0.8165
3117,0.8165
4643,0.8165
1259,0.8165
1472,0.8165
4006,0.8165
4608,0.8165
3831,0.8165
4825,0.8165
3322,0.8165
3732,0.8165
1065,0.8165
4110,0.8165
2475,0.8165
3612,0.8165
4194,0.8165
1073,0.8165
4024,0.8165
2042,0.8165
3703,0.8165
4007,0.8165
1924,0.8165
3973,0.8165
3101,0.8165
3437,0.8165
1077,0.8165
4077,0.8165
2553,0.8165
1108,0.8165
4872,0.8165
3913,0.8165
1430,0.8165
4134,0.8165
2592,0.8165
3669,0.8165
2874,0.8165
3086,0.8165
1776,0.8165
4550,0.8165
2058,0.8165
3571,0.8165
1312,0.8165
4267,0.8165
3054,0.7868
3595,0.7868
4129,0.7868
2612,0.7868
2907,0.7868
2937,0.7868
4015,0.7868
2138,0.7868
4018,0.7868
1753,0.7868
1361,0.7868
1646,0.7868
4741,0.7868
2578,0.7868
1283,0.7868
3560,0.7868
4661,0.7868
4773,0.7868
3879,0.7868
2426,0.7868
2814,0.7868
2690,0.7868
4335,0.7868
4745,0.7868
1465,0.7868
1510,0.7868
3621,0.7868
4510,0.7868
4389,0.7868
4314,0.7868
4594,0.7868
4223,0.7868
3649,0.7868
1866,0.7868
3189,0.7868
4531,0.7868
1651,0.7559
4719,0.7559
3232,0.7559
1239,0.7559
4915,0.7559
2589,0.7559
1204,0.7559
2555,0.7559
2370,0.7559
2089,0.7559
3115,0.7559
4104,0.7559
2666,0.7559
1522,0.7559
2381,0.7559
3474,0.7559
2568,0.7559
1422,0.7559
3657,0.7559
2298,0.7559
4694,0.7559
4645,0.7559
1094,0.7559
2428,0.7528
1438,0.7528
1661,0.7528
3998,0.7528
2654,0.7528
3743,0.7528
1097,0.7528
4183,0.7528
1235,0.7440
1711,0.7440
2918,0.7440
4721,0.7440
3137,0.7440
1013,0.7440
2645,0.7440
2799,0.7440
1004,0.7440
3221,0.7265
1827,0.7265
4364,0.7265
1991,0.7265
1169,0.7071
1889,0.7071
2011,0.7071
1662,0.7071
3057,0.7071
2478,0.7071
3696,0.7071
4874,0.7071
2027,0.7071
1362,0.7071
4625,0.7071
2334,0.7071
1254,0.7071
4717,0.7071
4933,0.7071
4801,0.7071
1082,0.7071
3231,0.7071
3832,0.7071
4231,0.7071
2546,0.7071
2609,0.7071
2000,0.7071
1794,0.7071
3008,0.7071
2486,0.7071
4444,0.7071
4393,0.7071
4327,0.7071
4385,0.7071
3647,0.7071
4052,0.7071
3834,0.7071
4099,0.7071
1735,0.7071
3978,0.7071
4280,0.7071
4311,0.7071
2172,0.7071
1236,0.7071
2823,0.7071
1525,0.7071
1644,0.7071
1769,0.7071
2080,0.7071
1327,0.7071
2797,0.7071
1537,0.7071
2892,0.7071
4518,0.7071
3939,0.7071
2180,0.7071
3655,0.7071
4198,0.7071
3379,0.7071
4477,0.7071
3250,0.7071
3285,0.7071
2853,0.7071
3964,0.7071
1151,0.7071
2412,0.7071
3019,0.7071
3078,0.7071
3535,0.7071
3813,0.7071
1858,0.7071
1911,0.7071
1972,0.7071
2976,0.7071
3634,0.7071
2583,0.7071
3037,0.7071
2046,0.7071
4161,0.7071
1958,0.7071
1570,0.7071
2462,0.7071
2523,0.7071
4240,0.7071
3074,0.7071
3885,0.7071
2655,0.7071
1683,0.7071
4619,0.7071
4553,0.7071
1334,0.7071
2998,0.7071
2770,0.7071
1467,0.7071
4611,0.7071
3513,0.7071
1192,0.7071
1318,0.7071
1539,0.7071
2586,0.7071
1857,0.7071
1149,0.7071
3837,0.7071
2328,0.7071
1645,0.7071
4513,0.7071
1338,0.7071
4846,0.7071
3747,0.7071
3892,0.7071
1506,0.7071
4271,0.7071
2970,0.7071
2945,0.7071
3868,0.7071
1464,0.7071
1909,0.7071
4907,0.7071
3227,0.7071
4020,0.7071
2118,0.7071
1714,0.7071
2461,0.7071
3369,0.7071
1161,0.7071
4683,0.7071
2313,0.7071
2437,0.7071
4217,0.7071
2995,0.7071
1157,0.7071
4615,0.7071
4087,0.7071
1907,0.7071
1530,0.7071
3969,0.7071
4054,0.7071
3968,0.7071
4865,0.7071
2060,0.7071
2638,0.7071
3218,0.7071
3341,0.7071
3654,0.7071
1184,0.7071
4190,0.7071
2936,0.7071
4475,0.7071
3359,0.7071
3374,0.7071
3047,0.7071
2488,0.7071
1487,0.7071
1689,0.7071
2088,0.7071
3332,0.7071
1288,0.7071
4784,0.7071
1059,0.7071
1249,0.7071
2283,0.7071
3889,0.7071
3884,0.7071
3024,0.7071
1164,0.7071
4409,0.7071
3073,0.7071
1766,0.7071
2105,0.7071
2145,0.7071
2728,0.7071
4519,0.7071
3052,0.7071
3567,0.7071
3196,0.7071
1631,0.7071
3734,0.7071
1861,0.7071
1875,0.7071
2227,0.7071
2493,0.7071
2335,0.7071
3198,0.7071
2192,0.7071
2527,0.7071
2057,0.7071
3147,0.7071
2588,0.7071
3191,0.7071
2949,0.7071
2246,0.7071
1941,0.7071
1367,0.7071
2098,0.7071
1080,0.7071
2923,0.7071
2377,0.7071
2626,0.7071
4402,0.7071
2395,0.7071
4927,0.7071
4343,0.7071
1563,0.7071
4480,0.7071
1840,0.7071
3602,0.7071
1179,0.7071
3330,0.7071
1712,0.7071
3269,0.7071
1720,0.7071
1429,0.7071
2667,0.7071
1321,0.7071
4390,0.7071
3319,0.7071
4063,0.7071
4656,0.7071
1275,0.6992
3120,0.6992
4376,0.6992
3082,0.6992
3484,0.6749
3593,0.6749
1410,0.6749
2758,0.6667
1932,0.6667
