2542,0.5774
2259,0.5774
1868,0.5774
1311,0.5774
2134,0.5774
3293,0.5774
4329,0.5774
4670,0.5774
4443,0.5774
4771,0.5774
1418,0.5774
4414,0.5774
4770,0.5774
2631,0.5774
1647,0.5774
1064,0.5774
1229,0.5774
4849,0.5774
3720,0.5774
2938,0.5774
2023,0.5774
3494,0.5774
2971,0.5774
4956,0.5774
4968,0.5774
3715,0.5774
4283,0.5774
4786,0.5774
1188,0.5774
2037,0.5774
2838,0.5774
3016,0.5774
1085,0.5774
3157,0.5774
2611,0.5774
4833,0.5774
2181,0.5774
1686,0.5774
4813,0.5774
4586,0.5774
1985,0.5774
1916,0.5774
2644,0.5774
4116,0.5774
2766,0.5774
4370,0.5774
4654,0.5774
2839,0.5774
3781,0.5774
2410,0.5774
4984,0.5774
3902,0.5774
1393,0.5774
1304,0.5774
2183,0.5774
4310,0.5774
4871,0.5774
1101,0.5774
4413,0.5774
2264,0.5774
2398,0.5774
4658,0.5774
4765,0.5774
1187,0.5774
2639,0.5774
1232,0.5774
2376,0.5774
3060,0.5774
4511,0.5774
2053,0.5774
4673,0.5774
1639,0.5774
3852,0.5774
4535,0.5774
1408,0.5774
2536,0.5774
3210,0.5774
5000,0.5774
3387,0.5774
4469,0.5774
3183,0.5774
3867,0.5774
3316,0.5774
2569,0.5774
3935,0.5774
3739,0.5774
1765,0.5774
4341,0.5774
4450,0.5774
2749,0.5774
3271,0.5774
4811,0.5774
4856,0.5774
4677,0.5774
2630,0.5774
3167,0.5774
1301,0.5774
3640,0.5774
1718,0.5774
3118,0.5774
2999,0.5774
4022,0.5774
2434,0.5774
2902,0.5774
3394,0.5774
1518,0.5774
4001,0.5774
2115,0.5774
2013,0.5774
1660,0.5774
2926,0.5774
1732,0.5774
1834,0.5774
2675,0.5774
2200,0.5774
2168,0.5774
4238,0.5774
1763,0.5774
2538,0.5774
3516,0.5774
4935,0.5774
4290,0.5774
3263,0.5774
2174,0.5774
3068,0.5774
2954,0.5774
4058,0.5774
1760,0.5774
2646,0.5774
2951,0.5774
3433,0.5774
4552,0.5774
1529,0.5774
1545,0.5774
2477,0.5774
3382,0.5774
3172,0.5774
2528,0.5774
3219,0.5774
4060,0.5774
4242,0.5774
1805,0.5774
3213,0.5774
4626,0.5774
3065,0.5774
3540,0.5774
1037,0.5774
4979,0.5774
1217,0.5774
1413,0.5774
2774,0.5774
1849,0.5774
1134,0.5774
3275,0.5774
3159,0.5774
4126,0.5774
2875,0.5774
1550,0.5774
1784,0.5774
2619,0.5774
3577,0.5774
3871,0.5774
3616,0.5774
1274,0.5774
4373,0.5774
3006,0.5774
4913,0.5774
2642,0.5774
1043,0.5774
3317,0.5774
1728,0.5774
2206,0.5774
1015,0.5774
3923,0.5774
3279,0.5774
1083,0.5774
3708,0.5774
4229,0.5774
1598,0.5774
4304,0.5774
1588,0.5774
2277,0.5774
3482,0.5774
2276,0.5774
4227,0.5774
1198,0.5774
1831,0.5774
4970,0.5774
1346,0.5774
1749,0.5774
1207,0.5774
2108,0.5774
2533,0.5774
2451,0.5774
4651,0.5774
4176,0.5774
1388,0.5774
1914,0.5774
4689,0.5774
1376,0.5774
1982,0.5774
1902,0.5774
1593,0.5774
1458,0.5774
2610,0.5774
4031,0.5774
4818,0.5774
1547,0.5774
4878,0.5774
1821,0.5774
2980,0.5774
2947,0.5774
4908,0.5774
3375,0.5774
3912,0.5774
3096,0.5774
1845,0.5774
1298,0.5774
3488,0.5774
1031,0.5774
2771,0.5774
3202,0.5774
3235,0.5774
4798,0.5774
2143,0.5774
2444,0.5774
2258,0.5774
3403,0.5774
2030,0.5774
3644,0.5774
2786,0.5774
2863,0.5774
4696,0.5774
4404,0.5774
3773,0.5774
2898,0.5774
4987,0.5774
4940,0.5774
3277,0.5774
2305,0.5774
4672,0.5774
3352,0.5774
2485,0.5774
1473,0.5774
2732,0.5774
1302,0.5774
1102,0.5774
4088,0.5774
3215,0.5774
4164,0.5774
1938,0.5774
2300,0.5774
4114,0.5774
1622,0.5774
2543,0.5774
2122,0.5774
4094,0.5774
1596,0.5774
4899,0.5774
2082,0.5774
4603,0.5774
3738,0.5774
4044,0.5774
4687,0.5774
3471,0.5774
4728,0.5774
4559,0.5774
1403,0.5774
1808,0.5774
4593,0.5774
1699,0.5774
4037,0.5774
3997,0.5774
1103,0.5774
4855,0.5774
2834,0.5774
3254,0.5774
3030,0.5774
2439,0.5774
3127,0.5774
4541,0.5774
3496,0.5774
3083,0.5774
4837,0.5774
3236,0.5774
4096,0.5774
1223,0.5774
1041,0.5774
3615,0.5774
3021,0.5774
3961,0.5774
4684,0.5774
1835,0.5774
1185,0.5774
2345,0.5774
3681,0.5774
3132,0.5774
2864,0.5774
1851,0.5774
1234,0.5774
4296,0.5774
4369,0.5774
1723,0.5774
2563,0.5774
1818,0.5774
4727,0.5774
1512,0.5774
4085,0.5774
3015,0.5774
2935,0.5774
2325,0.5477
3596,0.5477
2515,0.5477
1493,0.5477
2715,0.5477
4715,0.5477
2552,0.5477
1658,0.5477
2152,0.5477
4367,0.5477
4842,0.5477
2991,0.5477
3524,0.5477
4735,0.5477
4769,0.5477
3763,0.5477
3203,0.5477
3100,0.5477
1033,0.5477
2653,0.5477
4958,0.5477
2047,0.5477
1468,0.5477
4544,0.5477
3364,0.5477
4163,0.5477
2685,0.5477
3666,0.5477
1294,0.5477
4138,0.5477
1774,0.5477
2212,0.5477
2441,0.5477
4890,0.5477
1474,0.5477
4923,0.5477
4819,0.5477
2769,0.5477
3480,0.5477
2547,0.5477
4618,0.5477
2688,0.5477
3897,0.5477
4326,0.5477
2480,0.5477
3178,0.5477
1899,0.5477
4375,0.5477
2765,0.5477
4814,0.5477
4211,0.5477
2240,0.5477
3917,0.5477
1133,0.5477
4697,0.5477
3704,0.5477
1652,0.5477
3168,0.5477
2291,0.5477
3099,0.5477
2836,0.5477
1702,0.5477
2383,0.5477
1750,0.5477
4512,0.5477
2204,0.5477
4261,0.5477
3931,0.5477
4148,0.5477
1001,0.5477
4076,0.5477
2306,0.5477
3559,0.5477
2973,0.5477
1010,0.5477
2712,0.5477
4392,0.5477
2435,0.5477
4448,0.5477
1692,0.5477
2127,0.5477
1109,0.5477
4459,0.5477
2876,0.5477
4540,0.5477
4959,0.5477
4748,0.5477
4891,0.5477
4288,0.5477
1817,0.5477
3450,0.5345
4316,0.5345
3549,0.5345
3782,0.5345
2055,0.5345
2584,0.5345
4262,0.5345
3141,0.5345
2406,0.5345
3508,0.5345
1649,0.5345
2743,0.5345
4124,0.5345
3465,0.5270
2014,0.5175
3663,0.5175
2293,0.5175
4002,0.5164
4860,0.5164
4182,0.5164
4924,0.5164
3194,0.5164
3574,0.5164
4097,0.5164
1230,0.5164
4835,0.5164
1632,0.5164
4319,0.5164
2534,0.5164
3095,0.5164
3166,0.5164
2860,0.5164
3590,0.5164
3863,0.5164
1340,0.5164
2065,0.5164
2413,0.5164
3348,0.5164
3758,0.5164
4746,0.5164
1050,0.5164
3972,0.5164
3327,0.5164
4932,0.5164
1865,0.5164
1176,0.5164
4756,0.5164
1553,0.5164
4091,0.5164
2519,0.5164
3181,0.5164
1796,0.5164
1722,0.5164
3175,0.5164
2996,0.5164
1416,0.5164
2237,0.5000
1139,0.5000
2446,0.5000
3639,0.5000
3890,0.5000
3680,0.5000
3045,0.5000
2049,0.5000
2241,0.5000
3731,0.5000
4132,0.5000
3785,0.5000
2312,0.5000
2059,0.5000
2788,0.5000
4710,0.5000
4264,0.5000
2141,0.5000
1829,0.5000
2850,0.5000
3686,0.5000
3842,0.5000
4226,0.5000
4325,0.5000
1756,0.5000
3815,0.5000
4648,0.5000
2044,0.5000
2934,0.5000
1853,0.5000
3109,0.5000
3267,0.5000
3334,0.5000
4046,0.5000
2888,0.5000
3670,0.5000
4013,0.5000
3079,0.5000
2843,0.5000
2561,0.5000
2147,0.5000
4492,0.5000
3828,0.5000
3674,0.5000
3027,0.5000
3059,0.5000
1847,0.5000
3953,0.5000
4461,0.5000
2831,0.5000
3705,0.5000
4847,0.5000
3312,0.5000
1399,0.5000
1331,0.5000
1173,0.5000
2149,0.5000
2899,0.5000
2702,0.5000
1877,0.5000
4199,0.5000
3898,0.5000
3283,0.5000
3161,0.5000
4245,0.5000
2067,0.5000
1431,0.5000
3573,0.5000
1742,0.5000
2762,0.5000
4074,0.5000
3427,0.5000
3809,0.5000
3407,0.5000
4749,0.5000
4479,0.5000
3259,0.5000
2928,0.5000
1799,0.5000
4690,0.5000
2804,0.5000
2544,0.5000
4408,0.5000
2167,0.5000
2703,0.5000
2073,0.5000
1619,0.5000
1009,0.5000
2700,0.5000
4149,0.5000
2353,0.5000
1497,0.5000
3646,0.5000
3144,0.5000
3328,0.5000
4119,0.5000
2508,0.5000
4582,0.5000
2981,0.5000
1617,0.5000
1165,0.5000
4758,0.5000
1054,0.5000
4680,0.5000
1268,0.5000
3767,0.5000
2104,0.5000
2156,0.5000
3022,0.5000
4401,0.5000
4561,0.5000
3952,0.5000
4371,0.5000
3158,0.5000
1655,0.5000
4556,0.5000
3459,0.5000
1186,0.5000
2301,0.5000
1970,0.5000
1027,0.5000
2974,0.5000
3338,0.5000
4230,0.5000
4071,0.5000
1935,0.5000
3447,0.5000
1449,0.5000
4394,0.5000
4554,0.5000
2962,0.5000
1141,0.5000
3123,0.5000
1209,0.5000
4944,0.5000
3759,0.5000
3843,0.5000
4879,0.5000
3804,0.5000
3929,0.5000
1679,0.5000
3816,0.5000
1803,0.5000
1773,0.5000
4960,0.5000
2530,0.5000
1330,0.5000
2914,0.5000
4003,0.5000
2256,0.5000
1824,0.5000
4578,0.5000
4008,0.5000
4103,0.5000
4733,0.5000
1123,0.5000
1843,0.5000
3735,0.5000
4122,0.5000
2343,0.5000
2466,0.5000
3256,0.5000
1874,0.5000
2233,0.5000
3716,0.5000
2460,0.5000
4355,0.5000
4502,0.5000
1544,0.5000
3378,0.5000
1297,0.5000
1113,0.5000
2649,0.5000
4471,0.5000
3667,0.5000
2778,0.5000
3749,0.5000
1566,0.5000
1878,0.5000
1087,0.5000
4494,0.5000
3402,0.5000
4937,0.4880
3139,0.4880
1144,0.4880
3284,0.4880
1966,0.4880
4416,0.4880
3523,0.4880
2549,0.4880
2925,0.4880
3768,0.4880
3905,0.4880
3309,0.4880
4779,0.4880
4573,0.4880
2133,0.4880
3306,0.4880
1231,0.4880
2550,0.4880
3967,0.4880
2349,0.4880
2772,0.4880
2017,0.4880
1618,0.4880
3938,0.4880
2716,0.4880
3268,0.4880
1286,0.4880
1983,0.4880
1580,0.4880
2289,0.4880
3844,0.4880
1740,0.4880
1788,0.4880
2617,0.4880
1574,0.4830
3499,0.4629
3793,0.4629
3855,0.4629
2946,0.4629
4453,0.4629
3762,0.4472
4082,0.4472
1859,0.4472
3617,0.4472
3390,0.4472
3502,0.4472
3587,0.4472
2803,0.4472
1677,0.4472
1764,0.4472
4527,0.4472
2375,0.4472
1687,0.4472
3116,0.4472
1801,0.4472
4637,0.4472
4498,0.4472
2570,0.4472
3966,0.4472
1815,0.4472
4650,0.4472
1881,0.4472
2399,0.4472
3282,0.4472
4867,0.4472
2837,0.4472
4120,0.4472
3209,0.4472
4503,0.4472
2920,0.4472
4322,0.4472
4797,0.4472
1797,0.4472
2909,0.4472
1917,0.4472
2178,0.4472
1605,0.4472
2906,0.4472
3089,0.4472
3575,0.4472
4962,0.4472
3154,0.4472
3005,0.4472
3439,0.4472
3893,0.4472
2849,0.4472
3847,0.4472
4125,0.4472
4789,0.4472
2696,0.4472
1504,0.4472
4212,0.4472
4216,0.4472
3675,0.4472
1940,0.4472
1017,0.4472
2525,0.4472
2893,0.4472
2128,0.4472
2404,0.4472
3204,0.4472
3011,0.4472
2274,0.4472
1839,0.4472
1491,0.4472
2169,0.4472
2029,0.4472
1125,0.4472
3142,0.4472
2956,0.4472
1174,0.4472
2132,0.4472
4649,0.4472
3324,0.4472
2701,0.4472
1492,0.4472
4249,0.4472
3694,0.4472
4255,0.4472
3698,0.4472
2912,0.4472
1208,0.4472
1309,0.4472
1380,0.4472
4084,0.4472
1507,0.4472
1747,0.4472
3010,0.4472
2832,0.4472
2154,0.4472
2504,0.4472
2151,0.4472
1620,0.4472
3599,0.4472
1526,0.4472
2682,0.4472
2396,0.4472
4526,0.4410
4616,0.4082
1476,0.4082
4720,0.4082
2781,0.4082
1391,0.4082
2202,0.4082
1895,0.4082
3629,0.4082
1930,0.4082
2218,0.4082
4972,0.4082
3258,0.4082
1696,0.4082
3589,0.4082
2261,0.4082
3790,0.4082
3176,0.4082
4412,0.4082
4686,0.4082
4951,0.4082
2226,0.4082
4762,0.4082
4180,0.4082
2175,0.4082
3035,0.4082
3294,0.4082
4257,0.4082
3856,0.4082
4214,0.4082
3976,0.4082
3745,0.4082
1480,0.4082
2337,0.4082
4826,0.4082
1551,0.4082
2847,0.4082
4807,0.4082
3537,0.4082
4340,0.4082
2332,0.4082
3467,0.4082
2331,0.4082
1616,0.4082
1442,0.4082
2028,0.4082
4202,0.4082
3668,0.4082
2764,0.4082
4109,0.4082
3684,0.4082
2272,0.4082
4160,0.4082
2063,0.4082
3728,0.4082
1741,0.4082
4133,0.4082
4508,0.4082
1782,0.4082
4065,0.4082
3918,0.4082
4537,0.4082
2235,0.4082
1542,0.4082
4191,0.4082
1515,0.4082
4566,0.4082
3363,0.4082
4426,0.3780
3864,0.3780
4206,0.3780
1613,0.3780
3583,0.3780
3982,0.3780
1384,0.3780
4601,0.3780
2597,0.3780
2041,0.3780
3529,0.3780
4548,0.3780
4952,0.3780
2746,0.3780
3548,0.3780
2045,0.3780
1659,0.3780
4387,0.3536
4667,0.3536
4019,0.3536
1979,0.3536
3094,0.3536
4464,0.3536
4406,0.3536
1798,0.3536
1190,0.3536
1136,0.3333
1922,0.3333
3248,0.3162
2351,0.0000
2727,0.0000
2943,0.0000
4567,0.0000
1590,0.0000
2379,0.0000
2881,0.0000
4221,0.0000
3498,0.0000
4270,0.0000
1956,0.0000
1961,0.0000
2148,0.0000
4067,0.0000
2919,0.0000
2160,0.0000
3554,0.0000
4250,0.0000
1003,0.0000
2137,0.0000
2322,0.0000
2432,0.0000
2615,0.0000
3512,0.0000
1036,0.0000
3410,0.0000
3350,0.0000
2725,0.0000
2941,0.0000
1074,0.0000
1856,0.0000
2302,0.0000
1860,0.0000
3184,0.0000
1923,0.0000
2036,0.0000
2748,0.0000
3641,0.0000
1767,0.0000
2199,0.0000
4995,0.0000
2445,0.0000
2808,0.0000
3216,0.0000
2628,0.0000
2671,0.0000
3007,0.0000
3933,0.0000
4383,0.0000
2153,0.0000
2886,0.0000
3901,0.0000
2316,0.0000
2697,0.0000
2131,0.0000
4674,0.0000
4922,0.0000
1350,0.0000
4596,0.0000
4638,0.0000
2388,0.0000
3722,0.0000
4418,0.0000
3452,0.0000
1548,0.0000
1978,0.0000
3076,0.0000
4135,0.0000
4823,0.0000
1514,0.0000
3103,0.0000
3979,0.0000
2479,0.0000
2859,0.0000
3067,0.0000
3367,0.0000
2085,0.0000
1604,0.0000
4196,0.0000
4256,0.0000
4632,0.0000
3626,0.0000
4857,0.0000
1520,0.0000
1955,0.0000
2155,0.0000
3553,0.0000
2590,0.0000
3544,0.0000
4863,0.0000
1426,0.0000
4113,0.0000
2680,0.0000
4641,0.0000
2008,0.0000
2884,0.0000
3580,0.0000
4210,0.0000
3610,0.0000
4089,0.0000
1957,0.0000
3965,0.0000
1745,0.0000
2424,0.0000
2911,0.0000
4897,0.0000
2320,0.0000
3108,0.0000
4055,0.0000
4139,0.0000
2490,0.0000
3850,0.0000
4318,0.0000
1908,0.0000
4621,0.0000
3056,0.0000
4706,0.0000
4739,0.0000
1657,0.0000
2161,0.0000
2414,0.0000
3511,0.0000
4061,0.0000
1171,0.0000
1445,0.0000
1752,0.0000
2593,0.0000
3614,0.0000
3659,0.0000
4285,0.0000
2901,0.0000
1018,0.0000
1411,0.0000
2324,0.0000
4081,0.0000
2620,0.0000
3281,0.0000
4682,0.0000
1002,0.0000
1496,0.0000
4488,0.0000
2802,0.0000
3826,0.0000
3136,0.0000
1946,0.0000
3975,0.0000
3883,0.0000
3838,0.0000
2887,0.0000
3381,0.0000
3947,0.0000
4542,0.0000
3609,0.0000
4005,0.0000
1680,0.0000
2842,0.0000
3576,0.0000
4342,0.0000
3840,0.0000
4716,0.0000
4781,0.0000
1257,0.0000
3485,0.0000
1142,0.0000
2371,0.0000
4948,0.0000
2967,0.0000
3569,0.0000
4014,0.0000
1359,0.0000
1653,0.0000
3098,0.0000
3110,0.0000
2111,0.0000
2146,0.0000
2350,0.0000
3996,0.0000
4363,0.0000
4985,0.0000
1025,0.0000
3238,0.0000
2075,0.0000
3851,0.0000
2123,0.0000
3479,0.0000
4201,0.0000
1738,0.0000
2449,0.0000
4904,0.0000
4193,0.0000
3491,0.0000
4824,0.0000
1927,0.0000
4282,0.0000
4714,0.0000
3135,0.0000
3244,0.0000
3678,0.0000
4809,0.0000
1365,0.0000
4623,0.0000
4528,0.0000
4713,0.0000
4893,0.0000
4543,0.0000
4630,0.0000
4866,0.0000
1049,0.0000
2026,0.0000
2369,0.0000
3376,0.0000
3444,0.0000
4551,0.0000
1063,0.0000
1830,0.0000
3280,0.0000
3714,0.0000
4859,0.0000
1138,0.0000
1478,0.0000
4123,0.0000
4181,0.0000
4712,0.0000
4361,0.0000
3423,0.0000
1262,0.0000
1629,0.0000
1893,0.0000
1942,0.0000
3384,0.0000
3514,0.0000
2722,0.0000
3820,0.0000
4154,0.0000
1272,0.0000
1951,0.0000
1243,0.0000
2651,0.0000
3451,0.0000
3534,0.0000
2207,0.0000
2526,0.0000
1710,0.0000
4070,0.0000
1382,0.0000
3112,0.0000
3802,0.0000
1636,0.0000
4709,0.0000
4612,0.0000
1250,0.0000
2812,0.0000
4239,0.0000
3314,0.0000
3568,0.0000
4930,0.0000
3145,0.0000
4083,0.0000
4993,0.0000
2509,0.0000
3426,0.0000
4331,0.0000
3286,0.0000
4374,0.0000
4590,0.0000
1665,0.0000
1807,0.0000
1308,0.0000
1471,0.0000
1725,0.0000
3368,0.0000
1578,0.0000
3619,0.0000
1383,0.0000
2213,0.0000
3876,0.0000
3974,0.0000
4381,0.0000
4980,0.0000
4534,0.0000
4723,0.0000
1224,0.0000
1552,0.0000
1568,0.0000
2314,0.0000
3075,0.0000
3493,0.0000
3102,0.0000
3373,0.0000
3673,0.0000
1260,0.0000
2457,0.0000
1601,0.0000
4248,0.0000
4455,0.0000
4920,0.0000
3163,0.0000
1145,0.0000
3177,0.0000
1115,0.0000
1880,0.0000
2747,0.0000
1056,0.0000
1462,0.0000
3887,0.0000
3140,0.0000
1071,0.0000
1255,0.0000
3448,0.0000
3742,0.0000
4360,0.0000
1854,0.0000
3049,0.0000
4707,0.0000
3084,0.0000
4080,0.0000
1378,0.0000
1557,0.0000
3707,0.0000
4934,0.0000
1402,0.0000
3066,0.0000
1490,0.0000
4174,0.0000
1912,0.0000
3029,0.0000
2050,0.0000
1933,0.0000
2464,0.0000
1630,0.0000
1731,0.0000
4517,0.0000
1809,0.0000
4029,0.0000
4021,0.0000
3017,0.0000
1315,0.0000
1221,0.0000
3756,0.0000
1463,0.0000
2607,0.0000
2791,0.0000
3418,0.0000
2423,0.0000
4440,0.0000
1850,0.0000
1643,0.0000
1890,0.0000
1538,0.0000
1786,0.0000
3631,0.0000
3914,0.0000
2579,0.0000
3563,0.0000
4965,0.0000
1436,0.0000
3949,0.0000
4273,0.0000
1990,0.0000
4787,0.0000
4982,0.0000
3230,0.0000
3940,0.0000
4883,0.0000
2889,0.0000
2096,0.0000
2135,0.0000
2767,0.0000
3195,0.0000
4647,0.0000
3648,0.0000
1409,0.0000
2740,0.0000
4644,0.0000
2496,0.0000
4584,0.0000
1394,0.0000
1873,0.0000
4971,0.0000
2438,0.0000
4365,0.0000
4614,0.0000
1270,0.0000
1614,0.0000
4889,0.0000
1795,0.0000
1974,0.0000
4829,0.0000
1029,0.0000
2894,0.0000
3723,0.0000
2714,0.0000
4936,0.0000
1455,0.0000
1549,0.0000
3404,0.0000
2292,0.0000
3791,0.0000
1555,0.0000
2487,0.0000
3858,0.0000
1119,0.0000
1695,0.0000
4731,0.0000
2785,0.0000
2286,0.0000
2665,0.0000
3755,0.0000
2634,0.0000
2640,0.0000
3301,0.0000
3288,0.0000
4701,0.0000
1152,0.0000
3061,0.0000
2190,0.0000
1485,0.0000
3270,0.0000
3406,0.0000
3638,0.0000
2572,0.0000
4605,0.0000
1558,0.0000
3162,0.0000
3796,0.0000
2520,0.0000
3463,0.0000
1046,0.0000
1488,0.0000
3597,0.0000
4848,0.0000
4428,0.0000
2429,0.0000
3134,0.0000
2329,0.0000
3318,0.0000
4429,0.0000
3173,0.0000
3622,0.0000
4994,0.0000
2833,0.0000
4072,0.0000
4254,0.0000
2187,0.0000
1319,0.0000
3055,0.0000
4928,0.0000
4949,0.0000
4034,0.0000
1960,0.0000
1953,0.0000
1112,0.0000
3572,0.0000
3845,0.0000
4737,0.0000
1195,0.0000
1744,0.0000
3859,0.0000
4954,0.0000
2752,0.0000
4805,0.0000
1177,0.0000
1812,0.0000
1976,0.0000
2988,0.0000
4998,0.0000
1950,0.0000
2103,0.0000
3085,0.0000
2983,0.0000
3594,0.0000
1375,0.0000
1775,0.0000
2539,0.0000
4142,0.0000
4751,0.0000
4905,0.0000
3239,0.0000
3729,0.0000
2558,0.0000
4530,0.0000
1193,0.0000
4141,0.0000
1397,0.0000
3440,0.0000
4436,0.0000
4454,0.0000
1313,0.0000
4755,0.0000
4095,0.0000
3130,0.0000
3197,0.0000
4382,0.0000
3628,0.0000
1284,0.0000
1813,0.0000
2668,0.0000
4659,0.0000
3530,0.0000
4884,0.0000
3243,0.0000
4247,0.0000
2094,0.0000
3411,0.0000
1219,0.0000
3125,0.0000
2442,0.0000
3780,0.0000
4423,0.0000
1915,0.0000
3991,0.0000
2121,0.0000
2417,0.0000
4732,0.0000
1121,0.0000
1437,0.0000
1300,0.0000
2826,0.0000
3004,0.0000
3217,0.0000
2878,0.0000
2915,0.0000
1084,0.0000
2994,0.0000
1447,0.0000
2501,0.0000
1448,0.0000
2931,0.0000
1314,0.0000
3335,0.0000
1070,0.0000
4974,0.0000
3990,0.0000
4237,0.0000
2637,0.0000
2720,0.0000
3253,0.0000
4032,0.0000
2450,0.0000
3431,0.0000
2373,0.0000
3000,0.0000
4379,0.0000
1266,0.0000
3377,0.0000
3212,0.0000
2686,0.0000
1386,0.0000
4481,0.0000
3155,0.0000
1642,0.0000
3888,0.0000
1519,0.0000
1400,0.0000
1532,0.0000
2084,0.0000
3040,0.0000
4472,0.0000
1898,0.0000
3606,0.0000
4451,0.0000
2820,0.0000
2845,0.0000
3624,0.0000
1871,0.0000
2173,0.0000
1826,0.0000
1762,0.0000
1481,0.0000
2214,0.0000
3143,0.0000
4023,0.0000
4043,0.0000
2249,0.0000
3754,0.0000
4496,0.0000
3412,0.0000
4175,0.0000
1273,0.0000
3510,0.0000
3478,0.0000
4945,0.0000
3944,0.0000
4724,0.0000
2248,0.0000
2734,0.0000
3853,0.0000
2378,0.0000
4834,0.0000
1292,0.0000
1936,0.0000
1042,0.0000
1117,0.0000
3290,0.0000
2614,0.0000
1222,0.0000
1459,0.0000
2208,0.0000
4795,0.0000
4816,0.0000
4602,0.0000
1044,0.0000
2992,0.0000
1024,0.0000
3097,0.0000
1688,0.0000
4425,0.0000
4186,0.0000
4332,0.0000
2281,0.0000
2282,0.0000
4506,0.0000
2368,0.0000
2598,0.0000
4158,0.0000
1251,0.0000
1667,0.0000
1977,0.0000
2021,0.0000
3454,0.0000
2841,0.0000
3199,0.0000
4118,0.0000
1066,0.0000
1248,0.0000
1528,0.0000
1814,0.0000
2472,0.0000
2828,0.0000
3538,0.0000
2963,0.0000
3313,0.0000
4520,0.0000
1883,0.0000
3133,0.0000
4726,0.0000
1417,0.0000
2591,0.0000
2927,0.0000
4432,0.0000
4523,0.0000
1910,0.0000
4900,0.0000
3566,0.0000
4646,0.0000
4803,0.0000
4978,0.0000
3435,0.0000
3713,0.0000
3764,0.0000
1005,0.0000
1820,0.0000
2341,0.0000
2801,0.0000
1781,0.0000
4066,0.0000
4815,0.0000
3149,0.0000
3945,0.0000
1672,0.0000
1424,0.0000
1965,0.0000
2717,0.0000
3107,0.0000
3156,0.0000
3805,0.0000
4140,0.0000
4887,0.0000
1246,0.0000
2608,0.0000
3425,0.0000
4822,0.0000
1879,0.0000
2144,0.0000
2177,0.0000
3937,0.0000
3080,0.0000
3662,0.0000
1189,0.0000
2922,0.0000
2048,0.0000
4274,0.0000
4663,0.0000
3372,0.0000
4033,0.0000
4631,0.0000
2401,0.0000
2776,0.0000
3943,0.0000
4898,0.0000
2871,0.0000
4575,0.0000
3584,0.0000
4278,0.0000
4483,0.0000
2545,0.0000
2662,0.0000
3343,0.0000
1842,0.0000
4617,0.0000
2699,0.0000
3131,0.0000
4168,0.0000
4665,0.0000
1533,0.0000
1602,0.0000
2278,0.0000
2456,0.0000
2798,0.0000
4345,0.0000
1746,0.0000
2215,0.0000
3695,0.0000
4599,0.0000
1904,0.0000
2411,0.0000
4850,0.0000
4775,0.0000
2733,0.0000
4465,0.0000
4830,0.0000
2681,0.0000
3453,0.0000
1247,0.0000
1280,0.0000
3730,0.0000
4244,0.0000
4265,0.0000
4782,0.0000
3272,0.0000
1573,0.0000
1585,0.0000
3866,0.0000
2673,0.0000
3003,0.0000
1770,0.0000
2724,0.0000
3521,0.0000
4484,0.0000
1053,0.0000
1415,0.0000
2269,0.0000
1575,0.0000
1705,0.0000
2656,0.0000
3724,0.0000
4307,0.0000
4653,0.0000
3632,0.0000
4378,0.0000
1700,0.0000
2330,0.0000
3206,0.0000
1405,0.0000
1980,0.0000
2078,0.0000
4219,0.0000
1560,0.0000
3711,0.0000
1058,0.0000
3916,0.0000
1212,0.0000
4075,0.0000
3561,0.0000
4562,0.0000
1594,0.0000
3366,0.0000
4973,0.0000
1440,0.0000
2594,0.0000
1282,0.0000
3305,0.0000
4415,0.0000
1261,0.0000
2140,0.0000
3034,0.0000
4224,0.0000
3921,0.0000
3501,0.0000
1579,0.0000
2822,0.0000
1581,0.0000
4538,0.0000
3302,0.0000
4577,0.0000
1072,0.0000
4200,0.0000
1535,0.0000
2621,0.0000
2034,0.0000
2577,0.0000
2603,0.0000
3464,0.0000
4870,0.0000
3146,0.0000
3326,0.0000
4143,0.0000
2455,0.0000
2541,0.0000
3932,0.0000
2713,0.0000
2897,0.0000
1897,0.0000
3477,0.0000
4514,0.0000
4597,0.0000
1099,0.0000
3874,0.0000
3012,0.0000
3186,0.0000
3342,0.0000
4774,0.0000
1926,0.0000
2705,0.0000
4209,0.0000
2559,0.0000
1673,0.0000
4093,0.0000
4722,0.0000
2273,0.0000
2483,0.0000
1709,0.0000
2114,0.0000
3533,0.0000
1589,0.0000
2731,0.0000
2737,0.0000
4558,0.0000
1772,0.0000
2616,0.0000
3676,0.0000
2862,0.0000
2016,0.0000
4491,0.0000
2195,0.0000
3383,0.0000
1848,0.0000
3725,0.0000
1433,0.0000
1457,0.0000
2815,0.0000
3989,0.0000
1508,0.0000
4839,0.0000
3087,0.0000
2576,0.0000
3526,0.0000
3420,0.0000
3188,0.0000
4792,0.0000
1836,0.0000
1201,0.0000
2228,0.0000
3226,0.0000
3487,0.0000
2038,0.0000
3397,0.0000
4167,0.0000
4435,0.0000
1564,0.0000
3906,0.0000
2551,0.0000
4557,0.0000
1470,0.0000
1921,0.0000
4595,0.0000
1364,0.0000
3150,0.0000
3346,0.0000
4349,0.0000
4358,0.0000
3264,0.0000
2425,0.0000
2679,0.0000
1147,0.0000
1310,0.0000
4639,0.0000
1778,0.0000
2342,0.0000
4730,0.0000
1592,0.0000
3278,0.0000
2467,0.0000
2726,0.0000
4532,0.0000
1606,0.0000
3333,0.0000
4144,0.0000
1597,0.0000
2661,0.0000
2913,0.0000
4793,0.0000
2710,0.0000
4051,0.0000
4604,0.0000
1635,0.0000
3771,0.0000
1707,0.0000
3249,0.0000
4991,0.0000
2856,0.0000
4407,0.0000
1521,0.0000
4729,0.0000
4963,0.0000
3240,0.0000
4668,0.0000
4447,0.0000
1068,0.0000
2304,0.0000
2473,0.0000
4333,0.0000
4560,0.0000
3445,0.0000
1531,0.0000
1371,0.0000
1562,0.0000
3160,0.0000
2120,0.0000
3228,0.0000
4205,0.0000
4368,0.0000
2352,0.0000
2566,0.0000
3413,0.0000
3064,0.0000
2315,0.0000
2275,0.0000
3291,0.0000
4151,0.0000
1626,0.0000
2360,0.0000
3772,0.0000
3993,0.0000
2575,0.0000
4090,0.0000
4642,0.0000
4810,0.0000
1771,0.0000
1511,0.0000
4053,0.0000
1316,0.0000
3336,0.0000
1093,0.0000
4861,0.0000
1685,0.0000
4919,0.0000
3721,0.0000
2691,0.0000
3958,0.0000
4017,0.0000
1666,0.0000
3598,0.0000
3443,0.0000
3700,0.0000
1392,0.0000
2165,0.0000
3458,0.0000
1790,0.0000
2257,0.0000
3623,0.0000
3605,0.0000
4571,0.0000
2476,0.0000
3032,0.0000
4064,0.0000
4705,0.0000
1414,0.0000
1571,0.0000
1401,0.0000
4405,0.0000
1582,0.0000
1159,0.0000
2958,0.0000
4711,0.0000
1122,0.0000
4669,0.0000
2203,0.0000
3018,0.0000
4347,0.0000
3473,0.0000
4964,0.0000
3630,0.0000
1505,0.0000
2759,0.0000
1096,0.0000
1357,0.0000
4943,0.0000
3292,0.0000
4386,0.0000
2006,0.0000
2969,0.0000
1439,0.0000
4366,0.0000
2846,0.0000
4738,0.0000
4079,0.0000
1669,0.0000
3395,0.0000
1944,0.0000
2474,0.0000
3174,0.0000
1079,0.0000
1989,0.0000
1499,0.0000
4398,0.0000
1156,0.0000
4309,0.0000
4521,0.0000
3652,0.0000
2039,0.0000
2287,0.0000
1918,0.0000
2069,0.0000
2136,0.0000
1841,0.0000
4635,0.0000
4885,0.0000
2968,0.0000
2002,0.0000
1973,0.0000
1981,0.0000
4882,0.0000
2280,0.0000
2684,0.0000
3092,0.0000
4145,0.0000
4173,0.0000
1789,0.0000
4136,0.0000
2818,0.0000
4400,0.0000
1678,0.0000
3001,0.0000
2704,0.0000
1670,0.0000
3152,0.0000
3824,0.0000
2015,0.0000
4027,0.0000
2221,0.0000
2285,0.0000
4627,0.0000
3601,0.0000
2463,0.0000
3063,0.0000
4159,0.0000
1963,0.0000
4565,0.0000
2674,0.0000
4609,0.0000
1317,0.0000
1167,0.0000
2076,0.0000
4858,0.0000
2347,0.0000
1755,0.0000
2482,0.0000
3320,0.0000
4490,0.0000
3825,0.0000
4279,0.0000
4317,0.0000
2557,0.0000
2303,0.0000
1180,0.0000
3129,0.0000
4957,0.0000
3970,0.0000
4961,0.0000
3126,0.0000
3994,0.0000
4917,0.0000
2116,0.0000
1166,0.0000
2245,0.0000
3808,0.0000
1516,0.0000
3541,0.0000
1022,0.0000
3607,0.0000
1423,0.0000
3777,0.0000
4910,0.0000
2506,0.0000
4791,0.0000
1864,0.0000
4208,0.0000
1352,0.0000
1640,0.0000
1925,0.0000
2009,0.0000
2112,0.0000
3726,0.0000
1453,0.0000
4880,0.0000
3457,0.0000
3386,0.0000
2660,0.0000
4396,0.0000
4955,0.0000
4339,0.0000
1387,0.0000
3536,0.0000
4047,0.0000
2012,0.0000
4533,0.0000
3565,0.0000
2866,0.0000
2987,0.0000
2825,0.0000
2126,0.0000
3908,0.0000
1124,0.0000
3733,0.0000
4101,0.0000
1089,0.0000
1267,0.0000
2024,0.0000
4622,0.0000
3740,0.0000
3799,0.0000
4587,0.0000
2219,0.0000
2773,0.0000
4902,0.0000
1556,0.0000
3362,0.0000
3930,0.0000
2197,0.0000
3627,0.0000
1337,0.0000
2497,0.0000
3223,0.0000
3936,0.0000
1919,0.0000
4983,0.0000
3200,0.0000
3618,0.0000
2848,0.0000
3800,0.0000
2567,0.0000
3422,0.0000
3792,0.0000
4354,0.0000
1227,0.0000
3532,0.0000
1730,0.0000
3151,0.0000
4188,0.0000
1498,0.0000
1882,0.0000
2531,0.0000
2858,0.0000
1469,0.0000
4011,0.0000
1975,0.0000
1886,0.0000
2929,0.0000
4420,0.0000
3750,0.0000
2198,0.0000
4802,0.0000
3941,0.0000
1019,0.0000
3823,0.0000
3555,0.0000
3171,0.0000
3625,0.0000
1263,0.0000
4703,0.0000
3233,0.0000
2387,0.0000
2739,0.0000
1739,0.0000
3992,0.0000
3706,0.0000
2458,0.0000
4926,0.0000
4062,0.0000
3105,0.0000
2296,0.0000
2253,0.0000
3211,0.0000
1047,0.0000
1610,0.0000
1238,0.0000
2297,0.0000
2735,0.0000
3770,0.0000
4918,0.0000
2263,0.0000
2891,0.0000
3981,0.0000
3788,0.0000
4497,0.0000
1228,0.0000
4844,0.0000
3432,0.0000
3093,0.0000
4768,0.0000
1577,0.0000
3179,0.0000
3436,0.0000
2783,0.0000
2953,0.0000
2179,0.0000
3043,0.0000
1701,0.0000
2624,0.0000
2844,0.0000
1039,0.0000
3585,0.0000
1876,0.0000
3542,0.0000
4452,0.0000
3995,0.0000
1368,0.0000
2503,0.0000
2852,0.0000
2895,0.0000
3234,0.0000
3124,0.0000
3490,0.0000
3345,0.0000
3434,0.0000
2216,0.0000
3503,0.0000
3391,0.0000
4419,0.0000
